Expected:
ans =

 -3.3892e+003

Actual:
ans =

 -3.3892e+003

Test #: 
i =

        7047

A:
A =

  Columns 1 through 10

   71.0594   48.9322    4.6841   37.9703   37.9348   16.5201   16.3603    3.4084   34.6228   87.7182
   82.9588    5.5315   43.5836   12.1254   11.1327   13.7682   50.0072   25.1016    4.9250    9.1424
   54.5791   18.2661   59.8025   56.0290   72.2865   37.4810   24.6960   20.8999    5.3045   23.5184
   63.5579   65.7733   61.1736   13.4964   93.3757   63.8096   85.4678   29.9283   66.6213   95.0918
    7.2365   83.9912   60.4492    8.5573   10.6388   33.2394   57.5834   18.3736   30.0439   79.9586
   80.5937   59.3729   24.3502   11.8434   20.9174   85.3544   27.3869   38.3158   85.8213   31.0557
    5.1422   92.5390   37.1791   91.1802   72.8155   66.0006   66.2269    3.1554   48.0653   68.0844
   26.2625   50.1959   88.3298   47.5281   77.6635   84.0488   91.1978   53.1853   35.4084   76.9783
   89.4998   27.2668   29.5952   94.0857   35.0272    5.0399   72.7264   94.8833   74.2579   57.1487
   98.5346   34.7807   34.5829   11.4090   46.9055   86.8697   62.6763   81.6885   97.4908   98.8044
   21.6731   90.7789   83.6520   49.9233   11.5042   46.7789   37.6804   83.9978    5.5806   56.6748
   25.3609   87.1834   51.7695   15.2823   41.3358    5.9644   89.6313   27.0923   28.6979   80.5824
   83.5093   15.6744   73.2058   54.9095   48.0187   44.9095   55.2130   77.4690   35.8086   43.7544
   55.9389   37.4591   84.4838   65.9754   66.7858   11.8300   94.9709   59.8945   19.5502   31.4671
   97.2448   67.6610   23.5680   75.6800   94.7615   74.1610   84.8491   92.4912   25.6299   23.6056
   38.5393   52.8148   85.1039   23.4023   17.9603   57.0207   55.6163   84.0506   18.8030   84.2499
   35.4663    6.3419   52.8088   33.1815   26.3318    5.1471   32.7398   35.7452   48.6779   82.8076
   11.0064   13.5812   87.1374   30.2534   54.1585   97.8191   98.4726   33.8189   50.0904   60.6332
   59.4335   21.8054   80.3829   19.8052   44.3834   45.0043   94.7450   68.1966   40.8938   77.5050
   50.3127   71.5008   46.9208    7.2690   79.5368   25.1418   47.3450   38.1783   99.3340   76.8719
   54.5207   79.5003   45.5035   59.4439   55.9192   60.9353   64.5254   29.4252   92.6689   91.7263
   56.6693    2.0079   77.9304   98.7018   31.9061   10.5496   27.7916   37.7730   63.0967   19.3289
   76.7107   13.2369   84.3630   73.0720   63.2872   48.7457    2.5030    3.1163   31.0409   24.9587
   65.4990   60.9760   57.6244   88.1107    2.1897   41.8961   82.1110   57.0594   19.6047   11.2226
    5.8275   60.7754   49.2232   28.1873   86.5429   24.6318    8.9289   29.7583   38.9188   50.3488
   17.3346   87.9034   82.4686   17.2422   45.4194   36.1980   71.9545   57.0990    3.0971   26.3830
   63.2390   95.1663   41.8594   72.2370   77.4151   53.2151   63.7780   97.4924   43.2180   29.7510
   84.0650   54.3899   46.8534    7.0740   81.3818   61.9189   44.6333   37.0706   73.9173   77.9129
   29.0249   45.8639   69.7695    0.8563    3.2294   55.3445    0.3613   78.7066   87.1017   55.2477
   82.6596   56.0462   14.9796    7.6104   39.4411   14.8447   36.5373   67.9895   73.1870   72.1079
   25.8988   16.5291   42.8227   33.2431   79.7489   58.0271   28.4355   88.6171    8.2309   72.1462
   65.2463   62.5839   38.6902   80.9840   13.8119   87.6515    1.9981   20.2254   96.9574   29.4095
   23.7217    9.6758   51.6190   61.8473   63.2025   84.1982   34.7913   41.8751    5.9530   55.4683
   44.5456    6.8088   21.5084   65.7260   65.3304   39.6191   55.3660   29.2247   58.0405    3.1757
   27.9409   91.2045   46.2723   74.9954   24.1902   65.3026   83.3706   68.0108   64.3020   94.7883
   22.9245   21.3340   74.6662   89.1332   15.8104   61.7523   66.8206   93.1852   37.6281   30.3891
    9.8175   62.3976   14.4700   29.1904   15.9285   62.8427   59.2609   36.3555   34.9254   10.5168
   69.0193   97.4039   75.6238   98.4080   67.5371   65.1573   75.2371   72.8246   69.0243   43.6460
    4.6951   95.2316    5.1318   61.9084    8.5689   28.3542   69.9081   63.7917   67.0427   51.0157
   75.7200   48.6794   96.4074   96.6964    9.1276   54.1795   73.1566   87.3907   76.0689   20.4938
   27.3054   16.2722   71.4472   33.2430    0.4090   36.5478   59.8562   60.5165   83.4260   29.8830
    4.8892   34.6426   89.7922   35.2270   36.2249    4.1582   74.7684   40.4908   63.0361   18.7772
   75.0668   29.2713    6.3290   12.6899   67.2963    8.1273   51.8896   84.2910   44.7340   77.3993
   75.5676    9.0455   89.2707    2.3717   40.8514   14.4040   90.1721    8.9618    9.1966   51.4117
   37.6077    5.1060   84.1437   64.2337   49.8152    0.0812   74.0355   46.8523   85.8726   40.2545
   50.9855   33.2587    7.0672   16.3451   19.5155   78.5883   47.7908   97.3845   28.4046   40.1207
   34.5771   57.1811   73.4874    1.8622    5.1049   24.5859   71.4909   81.6014    5.3057   81.9514
    8.9810    8.6473   39.1941   88.6906   34.2137   41.3989   11.7119   34.1657   69.7765   83.7726
   17.0027   37.0340   28.2424   26.4256   76.2369   11.1164   38.3974   52.1766    1.5102   30.0056
   93.8953   69.6969   25.8808   69.0258   70.8326   19.9412   38.0182   90.3297   53.0118   36.5261
   31.9561   95.4207   90.3131   87.9488   83.9866   46.8830   31.0255   81.6069   91.6155   77.9189
   24.2144   89.0088   15.9686   18.0941   37.7292   54.6521   22.6817   81.3506    5.5266   93.0514
   93.6045   34.1983   38.8381   70.3942   76.9024   49.2792    2.5250   22.8693   79.7919   46.0958
   69.6507   34.2477   75.5184   30.1102   40.5226   38.0506    0.7877   39.6344   86.8087   37.7853
    4.6540   18.0137   99.6301   64.0731   93.1503   51.7846   26.8571   90.6944   44.6655   59.4436
    1.4660    6.5073   83.6308   77.0415   83.5161   40.6905   72.4787   24.3028   53.3335   73.3185
   81.0535   84.7100   58.6452   84.1072   98.8121   13.4297   77.3112   84.4877    6.7533   28.2122
   61.9544   27.3890    3.5831   43.7527    9.0896   41.1367   76.8963    4.4401   20.6809   73.1798
   67.7614   53.4927   98.0241   32.8917   12.4536   18.1373   22.4314   47.5815   54.2105   11.3347
   92.1984   85.8229   61.6096   32.9010   81.9355   64.9911   10.3399   44.7231   92.5072   59.6009
    2.1155   99.3539    5.9713   91.1886   83.7639   78.0789   13.4019   42.3320   83.7197   92.1292

